facade/arcisstrasse/build1/DEBY_LOD2_4959457_DSC04702_I5lTdwF0EKTZhEGgPCgo.jpg uav/arcisstrasse/build1/DJI_20241217101534_0004_D.JPG 3717.199209 0 2649.878510 0 3717.199209 1951.823293 0 0 1 0.324248 0.945970 0.001946 0.883877 -0.302230 -0.356956 -0.337082 0.117463 -0.934119 -5271803.314799 1002066.241199 -393296.553474
facade/arcisstrasse/build1/DEBY_LOD2_4959457_DSC04702_I5lTdwF0EKTZhEGgPCgo.jpg uav/arcisstrasse/build1/DJI_20241217101536_0005_D.JPG 3717.199209 0 2649.878510 0 3717.199209 1951.823293 0 0 1 0.320059 0.947395 -0.002321 0.624876 -0.212942 -0.751123 -0.712105 0.238953 -0.660158 -5276508.130280 704844.573063 -782550.366394
facade/arcisstrasse/build1/DEBY_LOD2_4959457_DSC04702_I5lTdwF0EKTZhEGgPCgo.jpg uav/arcisstrasse/build1/DJI_20241217101600_0017_D.JPG 3717.199209 0 2649.878510 0 3717.199209 1951.823293 0 0 1 0.337367 0.941345 -0.007276 0.231815 -0.090565 -0.968535 -0.912385 0.325065 -0.248771 -5256132.701845 323594.959784 -1103873.600898
facade/arcisstrasse/build1/DEBY_LOD2_4959457_DSC04702_I5lTdwF0EKTZhEGgPCgo.jpg uav/arcisstrasse/build1/DJI_20241217101602_0018_D.JPG 3717.199209 0 2649.878510 0 3717.199209 1951.823293 0 0 1 0.339922 0.940434 -0.006172 0.590964 -0.218701 -0.776487 -0.731584 0.260297 -0.630103 -5253027.683919 759018.201280 -883008.336100
facade/arcisstrasse/build2/DEBY_LOD2_4959457_DSC04702_rBt5jM8PeYjU0N6YX2Tm.jpg uav/arcisstrasse/build2/DJI_20241217101355_0030_D.JPG 3717.199209 0 2649.878510 0 3717.199209 1951.823293 0 0 1 0.260094 0.965567 -0.005577 0.340399 -0.097095 -0.935255 -0.903593 0.241355 -0.353932 -5332040.570492 283371.341760 -663229.414150
facade/arcisstrasse/build2/DEBY_LOD2_4959457_DSC04702_rBt5jM8PeYjU0N6YX2Tm.jpg uav/arcisstrasse/build2/DJI_20241217101542_0008_D.JPG 3717.199209 0 2649.878510 0 3717.199209 1951.823293 0 0 1 0.328701 0.944428 -0.003247 0.556403 -0.196428 -0.807361 -0.763132 0.263574 -0.590049 -5266650.996440 664065.289815 -878711.610293
facade/gabelsburgerstrasse/build1/DEBY_LOD2_4906970_IMG_6234.jpg uav/gabelsburgerstrasse/build1/DJI_20241217094939_0016_D.JPG 3717.199209 0 2649.878510 0 3717.199209 1951.823293 0 0 1 0.929536 -0.368730 -0.001107 -0.250761 -0.629939 -0.735048 0.270337 0.683531 -0.678014 1325246.461830 3534955.891175 -3833663.001095
facade/gabelsburgerstrasse/build1/DEBY_LOD2_4906970_IMG_6234.jpg uav/gabelsburgerstrasse/build1/DJI_20241217094947_0020_D.JPG 3717.199209 0 2649.878510 0 3717.199209 1951.823293 0 0 1 0.929917 -0.367768 -0.001067 -0.150199 -0.377133 -0.913899 0.335701 0.850010 -0.405940 1319857.067400 2116625.016913 -4767289.667074
facade/gabelsburgerstrasse/build1/DEBY_LOD2_4906970_IMG_6234.jpg uav/gabelsburgerstrasse/build1/DJI_20241217095013_0033_D.JPG 3717.199209 0 2649.878510 0 3717.199209 1951.823293 0 0 1 0.928310 -0.371806 -0.000976 -0.184657 -0.458763 -0.869160 0.322711 0.807030 -0.494531 1342535.410765 2575978.052393 -4528924.491883
facade/gabelsburgerstrasse/build1/DEBY_LOD2_4906970_IMG_6234.jpg uav/gabelsburgerstrasse/build1/DJI_20241217095015_0034_D.JPG 3717.199209 0 2649.878510 0 3717.199209 1951.823293 0 0 1 0.928184 -0.372122 -0.000225 -0.184729 -0.460243 -0.868361 0.323033 0.806041 -0.495932 1344311.171764 2583925.282550 -4523868.219639
facade/gabelsburgerstrasse/build1/DEBY_LOD2_4906970_IMG_6234.jpg uav/gabelsburgerstrasse/build1/DJI_20241217095029_0041_D.JPG 3717.199209 0 2649.878510 0 3717.199209 1951.823293 0 0 1 0.929772 -0.368126 -0.002595 -0.147419 -0.365858 -0.918921 0.337330 0.854770 -0.394433 1321919.258952 2054542.608489 -4793815.066761
facade/gabelsburgerstrasse/build2/DEBY_LOD2_4906972_IMG_6235_nDWyZvSPOkxP1GsZN1f3.jpg uav/gabelsburgerstrasse/build2/DJI_20241217094931_0012_D.JPG 3717.199209 0 2649.878510 0 3717.199209 1951.823293 0 0 1 0.929736 -0.368224 -0.001384 -0.238245 -0.598677 -0.764738 0.280766 0.711335 -0.644340 1322392.312950 3359516.523569 -3989242.913125
facade/gabelsburgerstrasse/build2/DEBY_LOD2_4906972_IMG_6235_nDWyZvSPOkxP1GsZN1f3.jpg uav/gabelsburgerstrasse/build2/DJI_20241217094939_0016_D.JPG 3717.199209 0 2649.878510 0 3717.199209 1951.823293 0 0 1 0.929536 -0.368730 -0.001107 -0.250761 -0.629939 -0.735048 0.270337 0.683531 -0.678014 1325246.461830 3534955.891175 -3833663.001095
facade/gabelsburgerstrasse/build2/DEBY_LOD2_4906972_IMG_6235_nDWyZvSPOkxP1GsZN1f3.jpg uav/gabelsburgerstrasse/build2/DJI_20241217094947_0020_D.JPG 3717.199209 0 2649.878510 0 3717.199209 1951.823293 0 0 1 0.929917 -0.367768 -0.001067 -0.150199 -0.377133 -0.913899 0.335701 0.850010 -0.405940 1319857.067400 2116625.016913 -4767289.667074
facade/gabelsburgerstrasse/build2/DEBY_LOD2_4906972_IMG_6235_nDWyZvSPOkxP1GsZN1f3.jpg uav/gabelsburgerstrasse/build2/DJI_20241217095013_0033_D.JPG 3717.199209 0 2649.878510 0 3717.199209 1951.823293 0 0 1 0.928310 -0.371806 -0.000976 -0.184657 -0.458763 -0.869160 0.322711 0.807030 -0.494531 1342535.410765 2575978.052393 -4528924.491883
facade/gabelsburgerstrasse/build2/DEBY_LOD2_4906972_IMG_6235_nDWyZvSPOkxP1GsZN1f3.jpg uav/gabelsburgerstrasse/build2/DJI_20241217095015_0034_D.JPG 3717.199209 0 2649.878510 0 3717.199209 1951.823293 0 0 1 0.928184 -0.372122 -0.000225 -0.184729 -0.460243 -0.868361 0.323033 0.806041 -0.495932 1344311.171764 2583925.282550 -4523868.219639
facade/gabelsburgerstrasse/build3/DEBY_LOD2_4906981_DSC04694.jpg uav/gabelsburgerstrasse/build3/DJI_20241217094917_0005_D.JPG 3717.199209 0 2649.878510 0 3717.199209 1951.823293 0 0 1 0.930075 -0.367369 0.000669 -0.131411 -0.334393 -0.933227 0.343062 0.867883 -0.359287 1317566.316490 1875602.692595 -4867771.318403
facade/gabelsburgerstrasse/build3/DEBY_LOD2_4906981_DSC04694.jpg uav/gabelsburgerstrasse/build3/DJI_20241217094931_0012_D.JPG 3717.199209 0 2649.878510 0 3717.199209 1951.823293 0 0 1 0.929736 -0.368224 -0.001384 -0.238245 -0.598677 -0.764738 0.280766 0.711335 -0.644340 1322392.312950 3359516.523569 -3989242.913125
