facade/arcisstrasse/build1/DEBY_LOD2_4959457_DSC04702_I5lTdwF0EKTZhEGgPCgo.jpg car/arcisstrasse/build1/307t_2021_031121_296623_251_9.jpg 2382.565623188406 0 1228.6309275362319 0 2380.201715913126 1041.7475362318842 0 0 1 0.896375 -0.441372 -0.041269 -0.114926 -0.141467 -0.983249 0.42814 0.886103 -0.177532 1735732.9042439507 834781.2920833387 -5023934.752359994
facade/arcisstrasse/build1/DEBY_LOD2_4959457_DSC04702_I5lTdwF0EKTZhEGgPCgo.jpg car/arcisstrasse/build1/307t_2021_031121_296623_752_9.jpg 2382.565623188406 0 1228.6309275362319 0 2380.201715913126 1041.7475362318842 0 0 1 0.899435 -0.435239 -0.039786 -0.114509 -0.146825 -0.982512 0.421786 0.888262 -0.181898 1700892.7485855788 863083.2869961082 -5031065.729941886
facade/arcisstrasse/build1/DEBY_LOD2_4959457_DSC04702_I5lTdwF0EKTZhEGgPCgo.jpg car/arcisstrasse/build1/307t_2021_031121_296624_251_9.jpg 2382.565623188406 0 1228.6309275362319 0 2380.201715913126 1041.7475362318842 0 0 1 0.899036 -0.435929 -0.041243 -0.116107 -0.146511 -0.982372 0.422201 0.887976 -0.182333 1704851.341635107 862512.7313644683 -5029830.263531717
facade/arcisstrasse/build1/DEBY_LOD2_4959457_DSC04702_I5lTdwF0EKTZhEGgPCgo.jpg car/arcisstrasse/build1/307t_2021_031121_296624_751_9.jpg 2382.565623188406 0 1228.6309275362319 0 2380.201715913126 1041.7475362318842 0 0 1 0.900301 -0.433337 -0.040962 -0.118318 -0.153076 -0.981106 0.418879 0.888137 -0.189086 1690146.6903767898 899071.1047854966 -5028394.632110658
facade/arcisstrasse/build1/DEBY_LOD2_4959457_DSC04702_I5lTdwF0EKTZhEGgPCgo.jpg car/arcisstrasse/build1/307t_2021_031121_296625_251_9.jpg 2382.565623188406 0 1228.6309275362319 0 2380.201715913126 1041.7475362318842 0 0 1 0.901033 -0.431472 -0.044389 -0.120528 -0.150753 -0.981196 0.416668 0.889441 -0.187838 1679691.4794592054 888203.780227254 -5033829.825120297
facade/arcisstrasse/build1/DEBY_LOD2_4959457_DSC04702_I5lTdwF0EKTZhEGgPCgo.jpg car/arcisstrasse/build1/307t_2021_031121_296625_752_9.jpg 2382.565623188406 0 1228.6309275362319 0 2380.201715913126 1041.7475362318842 0 0 1 0.90123 -0.430888 -0.046045 -0.121895 -0.150108 -0.981126 0.415843 0.889833 -0.187805 1676440.3855256988 885707.5413375361 -5035355.920637229
facade/arcisstrasse/build1/DEBY_LOD2_4959457_DSC04702_I5lTdwF0EKTZhEGgPCgo.jpg car/arcisstrasse/build1/307t_2021_031121_296626_251_9.jpg 2382.565623188406 0 1228.6309275362319 0 2380.201715913126 1041.7475362318842 0 0 1 0.901161 -0.431432 -0.042142 -0.117627 -0.149805 -0.981694 0.417221 0.889621 -0.185747 1679389.1874814148 881142.6007637095 -5035182.6168358745
facade/arcisstrasse/build1/DEBY_LOD2_4959457_DSC04702_I5lTdwF0EKTZhEGgPCgo.jpg car/arcisstrasse/build1/307t_2021_031121_296626_752_9.jpg 2382.565623188406 0 1228.6309275362319 0 2380.201715913126 1041.7475362318842 0 0 1 0.90079 -0.432799 -0.035527 -0.112444 -0.153444 -0.981739 0.419444 0.888336 -0.186887 1686936.7849565805 896979.4014167555 -5029866.284547613
facade/arcisstrasse/build1/DEBY_LOD2_4959457_DSC04702_I5lTdwF0EKTZhEGgPCgo.jpg car/arcisstrasse/build1/307t_2021_031121_296627_251_9.jpg 2382.565623188406 0 1228.6309275362319 0 2380.201715913126 1041.7475362318842 0 0 1 0.899337 -0.435599 -0.038028 -0.114471 -0.150612 -0.981943 0.422006 0.887451 -0.185315 1702883.2055799847 883269.7419469916 -5026920.1217104755
facade/arcisstrasse/build1/DEBY_LOD2_4959457_DSC04702_I5lTdwF0EKTZhEGgPCgo.jpg car/arcisstrasse/build1/307t_2021_031121_296627_752_9.jpg 2382.565623188406 0 1228.6309275362319 0 2380.201715913126 1041.7475362318842 0 0 1 0.897843 -0.438237 -0.042747 -0.119558 -0.149202 -0.981552 0.423774 0.88639 -0.186355 1717994.7058768885 879262.0854277386 -5022484.97240364
facade/arcisstrasse/build1/DEBY_LOD2_4959457_DSC04702_I5lTdwF0EKTZhEGgPCgo.jpg car/arcisstrasse/build1/307t_2021_031121_296628_251_9.jpg 2382.565623188406 0 1228.6309275362319 0 2380.201715913126 1041.7475362318842 0 0 1 0.896724 -0.440952 -0.038049 -0.115544 -0.150247 -0.981873 0.427242 0.884866 -0.185679 1733253.1069618447 882065.4769194726 -5016755.040664934
facade/arcisstrasse/build1/DEBY_LOD2_4959457_DSC04702_I5lTdwF0EKTZhEGgPCgo.jpg car/arcisstrasse/build1/307t_2021_031121_296628_752_9.jpg 2382.565623188406 0 1228.6309275362319 0 2380.201715913126 1041.7475362318842 0 0 1 0.893745 -0.447603 -0.029516 -0.11241 -0.159781 -0.980731 0.434262 0.879842 -0.193119 1770797.2412202612 930773.2404324983 -4994799.678990003
facade/arcisstrasse/build1/DEBY_LOD2_4959457_DSC04702_I5lTdwF0EKTZhEGgPCgo.jpg car/arcisstrasse/build1/307t_2021_031121_296629_251_9.jpg 2382.565623188406 0 1228.6309275362319 0 2380.201715913126 1041.7475362318842 0 0 1 0.892349 -0.45006 -0.034044 -0.112966 -0.149679 -0.98226 0.43698 0.880365 -0.184407 1784875.1709709356 877255.2854644519 -4999478.373126015
facade/arcisstrasse/build1/DEBY_LOD2_4959457_DSC04702_I5lTdwF0EKTZhEGgPCgo.jpg car/arcisstrasse/build1/307t_2021_031121_296889_752_9.jpg 2382.565623188406 0 1228.6309275362319 0 2380.201715913126 1041.7475362318842 0 0 1 0.902851 -0.428241 -0.038332 -0.110948 -0.145915 -0.983056 0.415392 0.891806 -0.179252 1661189.6739576852 855766.534895723 -5045554.451739995
facade/arcisstrasse/build1/DEBY_LOD2_4959457_DSC04702_I5lTdwF0EKTZhEGgPCgo.jpg car/arcisstrasse/build1/307t_2021_031121_296890_251_9.jpg 2382.565623188406 0 1228.6309275362319 0 2380.201715913126 1041.7475362318842 0 0 1 0.902175 -0.42973 -0.037578 -0.112875 -0.151092 -0.982054 0.416341 0.890226 -0.184817 1669601.8396703217 884722.2012981023 -5037779.559246163
facade/arcisstrasse/build1/DEBY_LOD2_4959457_DSC04702_I5lTdwF0EKTZhEGgPCgo.jpg car/arcisstrasse/build1/307t_2021_031121_296890_752_9.jpg 2382.565623188406 0 1228.6309275362319 0 2380.201715913126 1041.7475362318842 0 0 1 0.901857 -0.430147 -0.040338 -0.114984 -0.148977 -0.982133 0.416452 0.890382 -0.183816 1672048.3504023603 874894.7237521684 -5038692.386080831
facade/arcisstrasse/build1/DEBY_LOD2_4959457_DSC04702_I5lTdwF0EKTZhEGgPCgo.jpg car/arcisstrasse/build1/307t_2021_031121_296892_251_9.jpg 2382.565623188406 0 1228.6309275362319 0 2380.201715913126 1041.7475362318842 0 0 1 0.902102 -0.429395 -0.042806 -0.11694 -0.147773 -0.982084 0.415376 0.890945 -0.183519 1667868.6149964493 869823.9095617816 -5040964.153637613
facade/arcisstrasse/build1/DEBY_LOD2_4959457_DSC04702_I5lTdwF0EKTZhEGgPCgo.jpg car/arcisstrasse/build1/307t_2021_031121_296892_752_9.jpg 2382.565623188406 0 1228.6309275362319 0 2380.201715913126 1041.7475362318842 0 0 1 0.901572 -0.430262 -0.045191 -0.121891 -0.152399 -0.980774 0.415103 0.889747 -0.189844 1672862.6831607167 897929.3102857051 -5034383.929594433
facade/arcisstrasse/build1/DEBY_LOD2_4959457_DSC04702_I5lTdwF0EKTZhEGgPCgo.jpg car/arcisstrasse/build1/307t_2021_031121_296893_251_9.jpg 2382.565623188406 0 1228.6309275362319 0 2380.201715913126 1041.7475362318842 0 0 1 0.900378 -0.432962 -0.043175 -0.119743 -0.151166 -0.981229 0.418308 0.888647 -0.187951 1688094.1046715404 889866.7804667435 -5030734.264656948
facade/arcisstrasse/build1/DEBY_LOD2_4959457_DSC04702_I5lTdwF0EKTZhEGgPCgo.jpg car/arcisstrasse/build1/307t_2021_031121_296893_752_9.jpg 2382.565623188406 0 1228.6309275362319 0 2380.201715913126 1041.7475362318842 0 0 1 0.899092 -0.436257 -0.036243 -0.114051 -0.153506 -0.981544 0.422642 0.886632 -0.187772 1706561.466531815 898420.4747365303 -5022981.502797582
facade/arcisstrasse/build1/DEBY_LOD2_4959457_DSC04702_I5lTdwF0EKTZhEGgPCgo.jpg car/arcisstrasse/build1/307t_2021_031121_296894_251_9.jpg 2382.565623188406 0 1228.6309275362319 0 2380.201715913126 1041.7475362318842 0 0 1 0.89778 -0.438969 -0.036018 -0.113758 -0.152101 -0.981797 0.425499 0.885535 -0.186489 1721939.417234569 890721.9102068355 -5019107.123572164
facade/arcisstrasse/build1/DEBY_LOD2_4959457_DSC04702_I5lTdwF0EKTZhEGgPCgo.jpg car/arcisstrasse/build1/307t_2021_031121_296894_752_9.jpg 2382.565623188406 0 1228.6309275362319 0 2380.201715913126 1041.7475362318842 0 0 1 0.898561 -0.43698 -0.040465 -0.117221 -0.150136 -0.981692 0.422904 0.886853 -0.18613 1710789.1656670019 882630.5708565885 -5024351.220647936
facade/arcisstrasse/build1/DEBY_LOD2_4959457_DSC04702_I5lTdwF0EKTZhEGgPCgo.jpg car/arcisstrasse/build1/307t_2021_031121_296895_251_9.jpg 2382.565623188406 0 1228.6309275362319 0 2380.201715913126 1041.7475362318842 0 0 1 0.899324 -0.435078 -0.043862 -0.11994 -0.148968 -0.981541 0.420513 0.887984 -0.186154 1700115.042470705 878277.8575685425 -5028738.419707195
facade/arcisstrasse/build1/DEBY_LOD2_4959457_DSC04702_I5lTdwF0EKTZhEGgPCgo.jpg car/arcisstrasse/build1/307t_2021_031121_296895_752_9.jpg 2382.565623188406 0 1228.6309275362319 0 2380.201715913126 1041.7475362318842 0 0 1 0.900448 -0.433366 -0.037245 -0.112864 -0.150094 -0.982209 0.420065 0.888632 -0.184063 1690200.1314164975 879397.5775042075 -5031892.3121869145
facade/arcisstrasse/build1/DEBY_LOD2_4959457_DSC04702_I5lTdwF0EKTZhEGgPCgo.jpg car/arcisstrasse/build1/307t_2021_031121_296896_251_9.jpg 2382.565623188406 0 1228.6309275362319 0 2380.201715913126 1041.7475362318842 0 0 1 0.901372 -0.431916 -0.031265 -0.109297 -0.157044 -0.981525 0.419026 0.888136 -0.188762 1681821.7850462266 914018.1279164338 -5028530.108088583
facade/arcisstrasse/build1/DEBY_LOD2_4959457_DSC04702_I5lTdwF0EKTZhEGgPCgo.jpg car/arcisstrasse/build1/307t_2021_031121_296896_752_9.jpg 2382.565623188406 0 1228.6309275362319 0 2380.201715913126 1041.7475362318842 0 0 1 0.900991 -0.432602 -0.032726 -0.108309 -0.151249 -0.982544 0.420101 0.888808 -0.183129 1685746.7172590126 882414.9006414734 -5032866.6928849965
facade/arcisstrasse/build1/DEBY_LOD2_4959457_DSC04702_I5lTdwF0EKTZhEGgPCgo.jpg car/arcisstrasse/build1/307t_2021_031121_296897_251_9.jpg 2382.565623188406 0 1228.6309275362319 0 2380.201715913126 1041.7475362318842 0 0 1 0.90058 -0.432978 -0.038532 -0.115232 -0.152324 -0.98159 0.419138 0.888441 -0.187073 1688040.476155666 892935.6226802036 -5030246.0437137
facade/arcisstrasse/build1/DEBY_LOD2_4959457_DSC04702_I5lTdwF0EKTZhEGgPCgo.jpg car/arcisstrasse/build1/307t_2021_031121_297085_251_9.jpg 2382.565623188406 0 1228.6309275362319 0 2380.201715913126 1041.7475362318842 0 0 1 0.894435 -0.445302 -0.041143 -0.115884 -0.141936 -0.983069 0.431923 0.884059 -0.178555 1758043.0404193075 837945.7287492858 -5015640.91420212
facade/arcisstrasse/build1/DEBY_LOD2_4959457_DSC04702_I5lTdwF0EKTZhEGgPCgo.jpg car/arcisstrasse/build1/307t_2021_031121_297085_752_9.jpg 2382.565623188406 0 1228.6309275362319 0 2380.201715913126 1041.7475362318842 0 0 1 0.900766 -0.432417 -0.040458 -0.115394 -0.148484 -0.982159 0.418695 0.889364 -0.183648 1684914.8508208438 872546.9077426087 -5034808.14139111
facade/arcisstrasse/build1/DEBY_LOD2_4959457_DSC04702_I5lTdwF0EKTZhEGgPCgo.jpg car/arcisstrasse/build1/307t_2021_031121_297086_251_9.jpg 2382.565623188406 0 1228.6309275362319 0 2380.201715913126 1041.7475362318842 0 0 1 0.901457 -0.430892 -0.041322 -0.115209 -0.146812 -0.982432 0.417256 0.890381 -0.181987 1676300.848639052 863498.2611403153 -5039245.192084918
facade/arcisstrasse/build1/DEBY_LOD2_4959457_DSC04702_I5lTdwF0EKTZhEGgPCgo.jpg car/arcisstrasse/build1/307t_2021_031121_297086_752_9.jpg 2382.565623188406 0 1228.6309275362319 0 2380.201715913126 1041.7475362318842 0 0 1 0.900914 -0.432091 -0.040634 -0.117962 -0.153692 -0.981052 0.417658 0.888637 -0.189434 1683073.841539407 902111.8791528991 -5030217.48279269
facade/arcisstrasse/build1/DEBY_LOD2_4959457_DSC04702_I5lTdwF0EKTZhEGgPCgo.jpg car/arcisstrasse/build1/307t_2021_031121_297087_251_9.jpg 2382.565623188406 0 1228.6309275362319 0 2380.201715913126 1041.7475362318842 0 0 1 0.90028 -0.433242 -0.042402 -0.119453 -0.152201 -0.981104 0.418602 0.888333 -0.188775 1689654.862322356 895187.1428013073 -5029252.196583459
facade/arcisstrasse/build1/DEBY_LOD2_4959457_DSC04702_I5lTdwF0EKTZhEGgPCgo.jpg car/arcisstrasse/build1/307t_2021_031121_297087_752_9.jpg 2382.565623188406 0 1228.6309275362319 0 2380.201715913126 1041.7475362318842 0 0 1 0.900132 -0.433134 -0.046434 -0.122305 -0.148978 -0.981248 0.418095 0.888932 -0.187074 1689183.2840766604 879961.1138148615 -5032103.244320172
facade/arcisstrasse/build1/DEBY_LOD2_4959457_DSC04702_I5lTdwF0EKTZhEGgPCgo.jpg car/arcisstrasse/build1/307t_2021_031121_297088_251_9.jpg 2382.565623188406 0 1228.6309275362319 0 2380.201715913126 1041.7475362318842 0 0 1 0.89914 -0.435389 -0.044537 -0.118771 -0.144796 -0.982307 0.421237 0.888522 -0.181903 1701900.7174065942 855205.4934740295 -5032093.894097744
facade/arcisstrasse/build1/DEBY_LOD2_4959457_DSC04702_I5lTdwF0EKTZhEGgPCgo.jpg car/arcisstrasse/build1/307t_2021_031121_297088_752_9.jpg 2382.565623188406 0 1228.6309275362319 0 2380.201715913126 1041.7475362318842 0 0 1 0.89809 -0.438244 -0.037099 -0.113927 -0.150335 -0.982049 0.4248 0.886195 -0.184942 1717856.9725476296 881414.6597786702 -5022142.504237483
facade/arcisstrasse/build1/DEBY_LOD2_4959457_DSC04702_I5lTdwF0EKTZhEGgPCgo.jpg car/arcisstrasse/build1/307t_2021_031121_297089_251_9.jpg 2382.565623188406 0 1228.6309275362319 0 2380.201715913126 1041.7475362318842 0 0 1 0.896738 -0.441085 -0.036128 -0.113248 -0.149786 -0.982211 0.427828 0.884877 -0.184271 1733950.5839513687 878017.0048703807 -5017207.488488312
facade/arcisstrasse/build1/DEBY_LOD2_4959457_DSC04702_I5lTdwF0EKTZhEGgPCgo.jpg car/arcisstrasse/build1/307t_2021_031121_297089_752_9.jpg 2382.565623188406 0 1228.6309275362319 0 2380.201715913126 1041.7475362318842 0 0 1 0.896341 -0.441292 -0.042838 -0.120075 -0.148607 -0.981579 0.426797 0.884973 -0.186191 1735333.346559597 876444.2327980456 -5017011.453023767
facade/arcisstrasse/build1/DEBY_LOD2_4959457_DSC04702_I5lTdwF0EKTZhEGgPCgo.jpg car/arcisstrasse/build1/307t_2021_031121_297090_251_9.jpg 2382.565623188406 0 1228.6309275362319 0 2380.201715913126 1041.7475362318842 0 0 1 0.897744 -0.438536 -0.041733 -0.118562 -0.149296 -0.981659 0.424262 0.886226 -0.186023 1719657.791275418 879076.1870207516 -5021951.005178504
facade/arcisstrasse/build1/DEBY_LOD2_4959457_DSC04702_I5lTdwF0EKTZhEGgPCgo.jpg car/arcisstrasse/build1/307t_2021_031121_297090_752_9.jpg 2382.565623188406 0 1228.6309275362319 0 2380.201715913126 1041.7475362318842 0 0 1 0.899115 -0.436484 -0.032764 -0.11259 -0.158291 -0.980952 0.422984 0.885678 -0.191465 1707756.8074478402 922946.9163195912 -5018146.278115911
facade/arcisstrasse/build1/DEBY_LOD2_4959457_DSC04702_I5lTdwF0EKTZhEGgPCgo.jpg car/arcisstrasse/build1/307t_2021_031121_297091_251_9.jpg 2382.565623188406 0 1228.6309275362319 0 2380.201715913126 1041.7475362318842 0 0 1 0.89944 -0.435917 -0.031363 -0.108504 -0.15321 -0.982219 0.423361 0.88685 -0.185102 1704506.4440302658 893012.9133617847 -5024669.121529003
facade/arcisstrasse/build1/DEBY_LOD2_4959457_DSC04702_I5lTdwF0EKTZhEGgPCgo.jpg car/arcisstrasse/build1/307t_2021_031121_296622_752_10.jpg 2371.4310144927535 0 1197.4861739130436 0 2369.6811730157697 1022.7959710144928 0 0 1 0.955844 -0.289895 -0.048188 -0.093479 -0.144474 -0.985083 0.278609 0.946091 -0.165194 886372.1007581793 836006.4324622032 -5240699.730415454
facade/arcisstrasse/build1/DEBY_LOD2_4959457_DSC04702_I5lTdwF0EKTZhEGgPCgo.jpg car/arcisstrasse/build1/307t_2021_031121_296623_251_10.jpg 2371.4310144927535 0 1197.4861739130436 0 2369.6811730157697 1022.7959710144928 0 0 1 0.963934 -0.26317 -0.039658 -0.079187 -0.141343 -0.986788 0.254088 0.954339 -0.157085 738174.6764280291 809425.0763553745 -5267773.426838493
facade/arcisstrasse/build1/DEBY_LOD2_4959457_DSC04702_I5lTdwF0EKTZhEGgPCgo.jpg car/arcisstrasse/build1/307t_2021_031121_296623_752_10.jpg 2371.4310144927535 0 1197.4861739130436 0 2369.6811730157697 1022.7959710144928 0 0 1 0.965739 -0.25656 -0.039042 -0.078775 -0.146466 -0.986074 0.247269 0.955366 -0.161658 701656.2412588273 836476.54747804 -5268542.713975489
facade/arcisstrasse/build1/DEBY_LOD2_4959457_DSC04702_I5lTdwF0EKTZhEGgPCgo.jpg car/arcisstrasse/build1/307t_2021_031121_296624_251_10.jpg 2371.4310144927535 0 1197.4861739130436 0 2369.6811730157697 1022.7959710144928 0 0 1 0.965479 -0.257302 -0.040559 -0.080377 -0.146179 -0.985987 0.247768 0.955211 -0.161814 705795.4924316301 836052.79845027 -5268064.441716731
facade/arcisstrasse/build1/DEBY_LOD2_4959457_DSC04702_I5lTdwF0EKTZhEGgPCgo.jpg car/arcisstrasse/build1/307t_2021_031121_296624_751_10.jpg 2371.4310144927535 0 1197.4861739130436 0 2369.6811730157697 1022.7959710144928 0 0 1 0.966178 -0.2545 -0.041586 -0.082599 -0.152654 -0.984822 0.244289 0.954948 -0.168513 690361.2448048195 872138.5331427014 -5264257.912988272
facade/arcisstrasse/build1/DEBY_LOD2_4959457_DSC04702_I5lTdwF0EKTZhEGgPCgo.jpg car/arcisstrasse/build1/307t_2021_031121_296625_251_10.jpg 2371.4310144927535 0 1197.4861739130436 0 2369.6811730157697 1022.7959710144928 0 0 1 0.966561 -0.252507 -0.044715 -0.08482 -0.150252 -0.985003 0.242001 0.955858 -0.166645 679463.2016572598 860857.259584229 -5267537.859091097
facade/arcisstrasse/build1/DEBY_LOD2_4959457_DSC04702_I5lTdwF0EKTZhEGgPCgo.jpg car/arcisstrasse/build1/307t_2021_031121_296625_752_10.jpg 2371.4310144927535 0 1197.4861739130436 0 2369.6811730157697 1022.7959710144928 0 0 1 0.966648 -0.251881 -0.046337 -0.086193 -0.149582 -0.984985 0.241168 0.956128 -0.166304 676063.1206391207 858231.734650479 -5268407.599236199
facade/arcisstrasse/build1/DEBY_LOD2_4959457_DSC04702_I5lTdwF0EKTZhEGgPCgo.jpg car/arcisstrasse/build1/307t_2021_031121_296626_251_10.jpg 2371.4310144927535 0 1197.4861739130436 0 2369.6811730157697 1022.7959710144928 0 0 1 0.966689 -0.252466 -0.042102 -0.081908 -0.1493 -0.985394 0.242493 0.956018 -0.165006 679153.6136621998 853766.9570117081 -5268741.543176741
facade/arcisstrasse/build1/DEBY_LOD2_4959457_DSC04702_I5lTdwF0EKTZhEGgPCgo.jpg car/arcisstrasse/build1/307t_2021_031121_296626_752_10.jpg 2371.4310144927535 0 1197.4861739130436 0 2369.6811730157697 1022.7959710144928 0 0 1 0.966561 -0.253922 -0.035818 -0.076705 -0.153001 -0.985245 0.244695 0.955047 -0.167362 687007.430243757 869920.6011365008 -5265085.557645837
facade/arcisstrasse/build1/DEBY_LOD2_4959457_DSC04702_I5lTdwF0EKTZhEGgPCgo.jpg car/arcisstrasse/build1/307t_2021_031121_296627_251_10.jpg 2371.4310144927535 0 1197.4861739130436 0 2369.6811730157697 1022.7959710144928 0 0 1 0.965683 -0.256934 -0.037974 -0.078736 -0.150275 -0.985504 0.247503 0.954674 -0.165348 703686.5942619739 856779.2782716636 -5265041.620103252
facade/arcisstrasse/build1/DEBY_LOD2_4959457_DSC04702_I5lTdwF0EKTZhEGgPCgo.jpg car/arcisstrasse/build1/307t_2021_031121_296627_752_10.jpg 2371.4310144927535 0 1197.4861739130436 0 2369.6811730157697 1022.7959710144928 0 0 1 0.964721 -0.259771 -0.042814 -0.083839 -0.148968 -0.985281 0.249569 0.954111 -0.165491 719491.3925502179 853332.2993443867 -5263470.1635721065
facade/arcisstrasse/build1/DEBY_LOD2_4959457_DSC04702_I5lTdwF0EKTZhEGgPCgo.jpg car/arcisstrasse/build1/307t_2021_031121_296628_251_10.jpg 2371.4310144927535 0 1197.4861739130436 0 2369.6811730157697 1022.7959710144928 0 0 1 0.96413 -0.262685 -0.038064 -0.079808 -0.150124 -0.985441 0.253146 0.953131 -0.165703 735445.7429099155 856716.0811682063 -5260717.85546946
facade/arcisstrasse/build1/DEBY_LOD2_4959457_DSC04702_I5lTdwF0EKTZhEGgPCgo.jpg car/arcisstrasse/build1/307t_2021_031121_296628_752_10.jpg 2371.4310144927535 0 1197.4861739130436 0 2369.6811730157697 1022.7959710144928 0 0 1 0.962407 -0.269823 -0.031114 -0.076659 -0.159946 -0.984145 0.260568 0.949533 -0.174618 774720.338945204 906950.086144821 -5246648.612971952
facade/arcisstrasse/build1/DEBY_LOD2_4959457_DSC04702_I5lTdwF0EKTZhEGgPCgo.jpg car/arcisstrasse/build1/307t_2021_031121_296629_251_10.jpg 2371.4310144927535 0 1197.4861739130436 0 2369.6811730157697 1022.7959710144928 0 0 1 0.961563 -0.272487 -0.033882 -0.077216 -0.149921 -0.985678 0.263504 0.950408 -0.165198 789519.4323309639 853843.6228758887 -5253356.576879817
facade/arcisstrasse/build1/DEBY_LOD2_4959457_DSC04702_I5lTdwF0EKTZhEGgPCgo.jpg car/arcisstrasse/build1/307t_2021_031121_296629_752_10.jpg 2371.4310144927535 0 1197.4861739130436 0 2369.6811730157697 1022.7959710144928 0 0 1 0.962156 -0.269631 -0.039426 -0.082326 -0.149701 -0.985298 0.259765 0.951256 -0.166233 773872.366396345 856201.6572076338 -5255302.453588452
facade/arcisstrasse/build1/DEBY_LOD2_4959457_DSC04702_I5lTdwF0EKTZhEGgPCgo.jpg car/arcisstrasse/build1/307t_2021_031121_296888_752_10.jpg 2371.4310144927535 0 1197.4861739130436 0 2369.6811730157697 1022.7959710144928 0 0 1 0.966114 -0.254809 -0.041179 -0.084226 -0.160412 -0.98345 0.243986 0.953593 -0.176438 692055.4461694987 914655.0967340328 -5256795.767035992
facade/arcisstrasse/build1/DEBY_LOD2_4959457_DSC04702_I5lTdwF0EKTZhEGgPCgo.jpg car/arcisstrasse/build1/307t_2021_031121_296889_251_10.jpg 2371.4310144927535 0 1197.4861739130436 0 2369.6811730157697 1022.7959710144928 0 0 1 0.967584 -0.249239 -0.040764 -0.081463 -0.155229 -0.984514 0.239051 0.95592 -0.170501 661318.1251730204 885090.7740746705 -5265807.863411031
facade/arcisstrasse/build1/DEBY_LOD2_4959457_DSC04702_I5lTdwF0EKTZhEGgPCgo.jpg car/arcisstrasse/build1/307t_2021_031121_296889_752_10.jpg 2371.4310144927535 0 1197.4861739130436 0 2369.6811730157697 1022.7959710144928 0 0 1 0.967777 -0.24906 -0.037102 -0.075208 -0.145275 -0.986529 0.240315 0.95753 -0.159326 660227.4382074549 827656.253443856 -5275280.61814569
facade/arcisstrasse/build1/DEBY_LOD2_4959457_DSC04702_I5lTdwF0EKTZhEGgPCgo.jpg car/arcisstrasse/build1/307t_2021_031121_296890_251_10.jpg 2371.4310144927535 0 1197.4861739130436 0 2369.6811730157697 1022.7959710144928 0 0 1 0.967357 -0.250638 -0.037435 -0.07714 -0.150522 -0.985592 0.241392 0.956307 -0.164943 668937.5867131624 856988.8828755905 -5269499.070683715
facade/arcisstrasse/build1/DEBY_LOD2_4959457_DSC04702_I5lTdwF0EKTZhEGgPCgo.jpg car/arcisstrasse/build1/307t_2021_031121_296890_752_10.jpg 2371.4310144927535 0 1197.4861739130436 0 2369.6811730157697 1022.7959710144928 0 0 1 0.967138 -0.251091 -0.039955 -0.079257 -0.14842 -0.985743 0.241581 0.956517 -0.163443 671507.0329171846 847236.2943093051 -5270754.192636603
facade/arcisstrasse/build1/DEBY_LOD2_4959457_DSC04702_I5lTdwF0EKTZhEGgPCgo.jpg car/arcisstrasse/build1/307t_2021_031121_296892_251_10.jpg 2371.4310144927535 0 1197.4861739130436 0 2369.6811730157697 1022.7959710144928 0 0 1 0.967246 -0.250289 -0.042325 -0.081221 -0.147182 -0.985769 0.240498 0.956918 -0.16269 667152.9769765466 841989.4764945656 -5272156.93282731
facade/arcisstrasse/build1/DEBY_LOD2_4959457_DSC04702_I5lTdwF0EKTZhEGgPCgo.jpg car/arcisstrasse/build1/307t_2021_031121_296892_752_10.jpg 2371.4310144927535 0 1197.4861739130436 0 2369.6811730157697 1022.7959710144928 0 0 1 0.966846 -0.251205 -0.045892 -0.08619 -0.151852 -0.984638 0.240377 0.955948 -0.168469 672318.4774098536 870342.1331504716 -5266898.617180889
facade/arcisstrasse/build1/DEBY_LOD2_4959457_DSC04702_I5lTdwF0EKTZhEGgPCgo.jpg car/arcisstrasse/build1/307t_2021_031121_296893_251_10.jpg 2371.4310144927535 0 1197.4861739130436 0 2369.6811730157697 1022.7959710144928 0 0 1 0.966197 -0.254103 -0.043543 -0.08403 -0.150725 -0.984998 0.243728 0.955361 -0.166982 688228.8262761919 862836.8153938736 -5266086.967180504
facade/arcisstrasse/build1/DEBY_LOD2_4959457_DSC04702_I5lTdwF0EKTZhEGgPCgo.jpg car/arcisstrasse/build1/307t_2021_031121_296893_752_10.jpg 2371.4310144927535 0 1197.4861739130436 0 2369.6811730157697 1022.7959710144928 0 0 1 0.965546 -0.257633 -0.036692 -0.078313 -0.153202 -0.985087 0.24817 0.95402 -0.1681 707510.5661598408 872104.0854666808 -5262004.590993194
facade/arcisstrasse/build1/DEBY_LOD2_4959457_DSC04702_I5lTdwF0EKTZhEGgPCgo.jpg car/arcisstrasse/build1/307t_2021_031121_296894_251_10.jpg 2371.4310144927535 0 1197.4861739130436 0 2369.6811730157697 1022.7959710144928 0 0 1 0.964781 -0.260549 -0.036224 -0.078018 -0.151902 -0.985312 0.251219 0.953436 -0.166879 723598.1107179427 864964.3418334462 -5261000.196264855
facade/arcisstrasse/build1/DEBY_LOD2_4959457_DSC04702_I5lTdwF0EKTZhEGgPCgo.jpg car/arcisstrasse/build1/307t_2021_031121_296894_752_10.jpg 2371.4310144927535 0 1197.4861739130436 0 2369.6811730157697 1022.7959710144928 0 0 1 0.965183 -0.258418 -0.040527 -0.081495 -0.149854 -0.985344 0.248557 0.95434 -0.165696 711951.1336347561 856439.8047379239 -5263989.333193439
facade/arcisstrasse/build1/DEBY_LOD2_4959457_DSC04702_I5lTdwF0EKTZhEGgPCgo.jpg car/arcisstrasse/build1/307t_2021_031121_296895_251_10.jpg 2371.4310144927535 0 1197.4861739130436 0 2369.6811730157697 1022.7959710144928 0 0 1 0.96558 -0.256381 -0.043871 -0.084226 -0.148607 -0.985303 0.246093 0.955084 -0.165086 700808.6708617256 851673.8391850125 -5266261.396831439
facade/arcisstrasse/build1/DEBY_LOD2_4959457_DSC04702_I5lTdwF0EKTZhEGgPCgo.jpg car/arcisstrasse/build1/307t_2021_031121_296895_752_10.jpg 2371.4310144927535 0 1197.4861739130436 0 2369.6811730157697 1022.7959710144928 0 0 1 0.966356 -0.254539 -0.036962 -0.077125 -0.149667 -0.985724 0.245373 0.955411 -0.164263 690439.5022812281 852423.9191133414 -5267513.828537014
facade/arcisstrasse/build1/DEBY_LOD2_4959457_DSC04702_I5lTdwF0EKTZhEGgPCgo.jpg car/arcisstrasse/build1/307t_2021_031121_296896_251_10.jpg 2371.4310144927535 0 1197.4861739130436 0 2369.6811730157697 1022.7959710144928 0 0 1 0.966946 -0.252968 -0.031991 -0.073547 -0.156574 -0.984924 0.244145 0.954721 -0.170004 681645.8893826312 886807.2965341827 -5262985.302448439
facade/arcisstrasse/build1/DEBY_LOD2_4959457_DSC04702_I5lTdwF0EKTZhEGgPCgo.jpg car/arcisstrasse/build1/307t_2021_031121_296896_752_10.jpg 2371.4310144927535 0 1197.4861739130436 0 2369.6811730157697 1022.7959710144928 0 0 1 0.966738 -0.253717 -0.032339 -0.072555 -0.150794 -0.985899 0.245263 0.955452 -0.164187 685785.8835336206 855281.2539143335 -5267666.517124677
facade/arcisstrasse/build1/DEBY_LOD2_4959457_DSC04702_I5lTdwF0EKTZhEGgPCgo.jpg car/arcisstrasse/build1/307t_2021_031121_296897_251_10.jpg 2371.4310144927535 0 1197.4861739130436 0 2369.6811730157697 1022.7959710144928 0 0 1 0.966394 -0.254118 -0.038808 -0.079502 -0.151887 -0.985195 0.244461 0.955173 -0.166985 688166.0804440608 865914.6675295668 -5265627.279082208
facade/arcisstrasse/build1/DEBY_LOD2_4959457_DSC04702_I5lTdwF0EKTZhEGgPCgo.jpg car/arcisstrasse/build1/307t_2021_031121_297084_752_10.jpg 2371.4310144927535 0 1197.4861739130436 0 2369.6811730157697 1022.7959710144928 0 0 1 0.948362 -0.312923 -0.051861 -0.100541 -0.141488 -0.984821 0.300835 0.939181 -0.165644 1014419.250786951 824953.2416050142 -5219186.077199821
facade/arcisstrasse/build1/DEBY_LOD2_4959457_DSC04702_I5lTdwF0EKTZhEGgPCgo.jpg car/arcisstrasse/build1/307t_2021_031121_297085_251_10.jpg 2371.4310144927535 0 1197.4861739130436 0 2369.6811730157697 1022.7959710144928 0 0 1 0.962768 -0.267393 -0.039732 -0.080146 -0.141971 -0.986621 0.258175 0.953071 -0.158115 761513.6539204462 813438.6177146906 -5263830.241836343
facade/arcisstrasse/build1/DEBY_LOD2_4959457_DSC04702_I5lTdwF0EKTZhEGgPCgo.jpg car/arcisstrasse/build1/307t_2021_031121_297085_752_10.jpg 2371.4310144927535 0 1197.4861739130436 0 2369.6811730157697 1022.7959710144928 0 0 1 0.966499 -0.253527 -0.040041 -0.079666 -0.148016 -0.985771 0.243992 0.955937 -0.163255 684947.389433081 845362.7227036785 -5269323.217895272
facade/arcisstrasse/build1/DEBY_LOD2_4959457_DSC04702_I5lTdwF0EKTZhEGgPCgo.jpg car/arcisstrasse/build1/307t_2021_031121_297086_251_10.jpg 2371.4310144927535 0 1197.4861739130436 0 2369.6811730157697 1022.7959710144928 0 0 1 0.966903 -0.251898 -0.04057 -0.079482 -0.146279 -0.986045 0.242448 0.956635 -0.161459 675975.8359100177 835967.8796067929 -5271985.6206367845
facade/arcisstrasse/build1/DEBY_LOD2_4959457_DSC04702_I5lTdwF0EKTZhEGgPCgo.jpg car/arcisstrasse/build1/307t_2021_031121_297086_752_10.jpg 2371.4310144927535 0 1197.4861739130436 0 2369.6811730157697 1022.7959710144928 0 0 1 0.966541 -0.253162 -0.041331 -0.082243 -0.153222 -0.984763 0.242972 0.955213 -0.168916 682970.520568804 874923.1830447823 -5264760.37739076
facade/arcisstrasse/build1/DEBY_LOD2_4959457_DSC04702_I5lTdwF0EKTZhEGgPCgo.jpg car/arcisstrasse/build1/307t_2021_031121_297087_251_10.jpg 2371.4310144927535 0 1197.4861739130436 0 2369.6811730157697 1022.7959710144928 0 0 1 0.966145 -0.254401 -0.042942 -0.083739 -0.151773 -0.984862 0.244032 0.955115 -0.167938 689855.7470132755 868225.9787840132 -5264974.614424552
facade/arcisstrasse/build1/DEBY_LOD2_4959457_DSC04702_I5lTdwF0EKTZhEGgPCgo.jpg car/arcisstrasse/build1/307t_2021_031121_297087_752_10.jpg 2371.4310144927535 0 1197.4861739130436 0 2369.6811730157697 1022.7959710144928 0 0 1 0.966004 -0.254295 -0.046579 -0.086602 -0.148539 -0.985107 0.243589 0.955652 -0.165512 689388.9640823494 852948.8497553333 -5267539.431403031
facade/arcisstrasse/build1/DEBY_LOD2_4959457_DSC04702_I5lTdwF0EKTZhEGgPCgo.jpg car/arcisstrasse/build1/307t_2021_031121_297088_251_10.jpg 2371.4310144927535 0 1197.4861739130436 0 2369.6811730157697 1022.7959710144928 0 0 1 0.965494 -0.256729 -0.043715 -0.083051 -0.144439 -0.986022 0.246826 0.955629 -0.160777 702727.0801932142 828618.8937037096 -5269660.509762945
facade/arcisstrasse/build1/DEBY_LOD2_4959457_DSC04702_I5lTdwF0EKTZhEGgPCgo.jpg car/arcisstrasse/build1/307t_2021_031121_297089_251_10.jpg 2371.4310144927535 0 1197.4861739130436 0 2369.6811730157697 1022.7959710144928 0 0 1 0.964174 -0.26283 -0.035904 -0.077504 -0.149667 -0.985694 0.253696 0.953163 -0.164676 736188.7231419758 852683.5239360413 -5261257.186470884
facade/arcisstrasse/build1/DEBY_LOD2_4959457_DSC04702_I5lTdwF0EKTZhEGgPCgo.jpg car/arcisstrasse/build1/307t_2021_031121_297089_752_10.jpg 2371.4310144927535 0 1197.4861739130436 0 2369.6811730157697 1022.7959710144928 0 0 1 0.963828 -0.263055 -0.042872 -0.084355 -0.148494 -0.985309 0.252825 0.953284 -0.165313 737631.420232075 851159.4098859905 -5261305.773414145
facade/arcisstrasse/build1/DEBY_LOD2_4959457_DSC04702_I5lTdwF0EKTZhEGgPCgo.jpg car/arcisstrasse/build1/307t_2021_031121_297090_251_10.jpg 2371.4310144927535 0 1197.4861739130436 0 2369.6811730157697 1022.7959710144928 0 0 1 0.964681 -0.260091 -0.041753 -0.08284 -0.149074 -0.98535 0.250057 0.954007 -0.165355 721225.0204459787 853208.2711638674 -5263256.146124796
facade/arcisstrasse/build1/DEBY_LOD2_4959457_DSC04702_I5lTdwF0EKTZhEGgPCgo.jpg car/arcisstrasse/build1/307t_2021_031121_297090_752_10.jpg 2371.4310144927535 0 1197.4861739130436 0 2369.6811730157697 1022.7959710144928 0 0 1 0.965582 -0.257868 -0.033986 -0.076847 -0.158006 -0.984443 0.248487 0.953173 -0.172384 708735.9574616094 896728.1481501278 -5257722.731690863
facade/arcisstrasse/build1/DEBY_LOD2_4959457_DSC04702_I5lTdwF0EKTZhEGgPCgo.jpg car/arcisstrasse/build1/307t_2021_031121_297091_251_10.jpg 2371.4310144927535 0 1197.4861739130436 0 2369.6811730157697 1022.7959710144928 0 0 1 0.96583 -0.257269 -0.03138 -0.072747 -0.152892 -0.985562 0.248757 0.954168 -0.166383 705366.4036617408 866608.2361196228 -5263226.979404622
facade/arcisstrasse/build1/DEBY_LOD2_4959457_DSC04702_I5lTdwF0EKTZhEGgPCgo.jpg car/arcisstrasse/build1/307t_2021_031121_296630_501_11.jpg 1650.5942999999997 0 1266.63018 0 1649.4985703051848 1006.6945 0 0 1 0.631332 0.775402 -0.01309 0.094541 -0.093707 -0.991101 -0.769729 0.624476 -0.132467 -4573804.8665692 435199.6796947529 -2800207.091838023
facade/arcisstrasse/build1/DEBY_LOD2_4959457_DSC04702_I5lTdwF0EKTZhEGgPCgo.jpg car/arcisstrasse/build1/307t_2021_031121_296631_000_11.jpg 1650.5942999999997 0 1266.63018 0 1649.4985703051848 1006.6945 0 0 1 0.629139 0.777161 -0.014332 0.097097 -0.096871 -0.990549 -0.771205 0.621801 -0.136405 -4581679.982754244 450316.41346624936 -2784912.923412457
facade/arcisstrasse/build1/DEBY_LOD2_4959457_DSC04702_I5lTdwF0EKTZhEGgPCgo.jpg car/arcisstrasse/build1/307t_2021_031121_296631_501_11.jpg 1650.5942999999997 0 1266.63018 0 1649.4985703051848 1006.6945 0 0 1 0.625517 0.780094 -0.013464 0.093225 -0.091864 -0.991398 -0.774621 0.618881 -0.130186 -4594833.16921538 426275.5723711096 -2766976.028338982
facade/arcisstrasse/build1/DEBY_LOD2_4959457_DSC04702_I5lTdwF0EKTZhEGgPCgo.jpg car/arcisstrasse/build1/307t_2021_031121_296632_000_11.jpg 1650.5942999999997 0 1266.63018 0 1649.4985703051848 1006.6945 0 0 1 0.621718 0.783104 -0.014647 0.092313 -0.091832 -0.991486 -0.777782 0.615073 -0.129384 -4608273.849701538 426735.38422814413 -2744474.168764478
facade/arcisstrasse/build1/DEBY_LOD2_4959457_DSC04702_I5lTdwF0EKTZhEGgPCgo.jpg car/arcisstrasse/build1/307t_2021_031121_296632_501_11.jpg 1650.5942999999997 0 1266.63018 0 1649.4985703051848 1006.6945 0 0 1 0.619641 0.784779 -0.012904 0.095656 -0.091825 -0.99117 -0.779035 0.612935 -0.131968 -4615782.4779770365 424387.9583536081 -2732200.192502252
facade/arcisstrasse/build1/DEBY_LOD2_4959457_DSC04702_I5lTdwF0EKTZhEGgPCgo.jpg car/arcisstrasse/build1/307t_2021_031121_296633_000_11.jpg 1650.5942999999997 0 1266.63018 0 1649.4985703051848 1006.6945 0 0 1 0.618007 0.786041 -0.014419 0.092752 -0.091112 -0.991512 -0.780682 0.611424 -0.129214 -4621391.743239263 422590.6660501901 -2723002.331451768
facade/arcisstrasse/build1/DEBY_LOD2_4959457_DSC04702_I5lTdwF0EKTZhEGgPCgo.jpg car/arcisstrasse/build1/307t_2021_031121_296633_501_11.jpg 1650.5942999999997 0 1266.63018 0 1649.4985703051848 1006.6945 0 0 1 0.617235 0.786704 -0.010829 0.096175 -0.089103 -0.991368 -0.780879 0.610866 -0.130659 -4624403.075166194 409505.336703078 -2719889.553653543
facade/arcisstrasse/build1/DEBY_LOD2_4959457_DSC04702_I5lTdwF0EKTZhEGgPCgo.jpg car/arcisstrasse/build1/307t_2021_031121_296899_000_11.jpg 1650.5942999999997 0 1266.63018 0 1649.4985703051848 1006.6945 0 0 1 0.618151 0.785977 -0.011334 0.095837 -0.089669 -0.99135 -0.780195 0.611718 -0.130754 -4621135.047710418 412758.07903340575 -2724901.8198142885
facade/arcisstrasse/build1/DEBY_LOD2_4959457_DSC04702_I5lTdwF0EKTZhEGgPCgo.jpg car/arcisstrasse/build1/307t_2021_031121_296899_501_11.jpg 1650.5942999999997 0 1266.63018 0 1649.4985703051848 1006.6945 0 0 1 0.618181 0.785923 -0.013292 0.09373 -0.090494 -0.991476 -0.780427 0.611667 -0.129606 -4620871.813481714 418616.64683657023 -2724471.545721819
facade/arcisstrasse/build1/DEBY_LOD2_4959457_DSC04702_I5lTdwF0EKTZhEGgPCgo.jpg car/arcisstrasse/build1/307t_2021_031121_296900_501_11.jpg 1650.5942999999997 0 1266.63018 0 1649.4985703051848 1006.6945 0 0 1 0.622161 0.782748 -0.01487 0.092791 -0.092587 -0.991371 -0.777371 0.615412 -0.130236 -4606690.092286371 430434.29628003686 -2746569.64035011
facade/arcisstrasse/build1/DEBY_LOD2_4959457_DSC04702_I5lTdwF0EKTZhEGgPCgo.jpg car/arcisstrasse/build1/307t_2021_031121_296901_000_11.jpg 1650.5942999999997 0 1266.63018 0 1649.4985703051848 1006.6945 0 0 1 0.624935 0.780618 -0.009578 0.095594 -0.088694 -0.991461 -0.774802 0.618683 -0.13005 -4597249.37821643 407724.4897875418 -2765800.7688322235
facade/arcisstrasse/build1/DEBY_LOD2_4959457_DSC04702_I5lTdwF0EKTZhEGgPCgo.jpg car/arcisstrasse/build1/307t_2021_031121_297092_501_11.jpg 1650.5942999999997 0 1266.63018 0 1649.4985703051848 1006.6945 0 0 1 0.621364 0.783432 -0.011869 0.097816 -0.092593 -0.990888 -0.777392 0.614541 -0.134166 -4609763.8315356765 426992.0050505869 -2741897.1281099985
facade/arcisstrasse/build1/DEBY_LOD2_4959457_DSC04702_I5lTdwF0EKTZhEGgPCgo.jpg car/arcisstrasse/build1/307t_2021_031121_297093_000_11.jpg 1650.5942999999997 0 1266.63018 0 1649.4985703051848 1006.6945 0 0 1 0.625115 0.780397 -0.014523 0.098274 -0.097151 -0.990406 -0.774321 0.617691 -0.137424 -4596165.119615424 450996.94648859743 -2760827.618559008
facade/arcisstrasse/build1/DEBY_LOD2_4959457_DSC04702_I5lTdwF0EKTZhEGgPCgo.jpg car/arcisstrasse/build1/307t_2021_031121_297093_501_11.jpg 1650.5942999999997 0 1266.63018 0 1649.4985703051848 1006.6945 0 0 1 0.629102 0.777233 -0.011847 0.095459 -0.092374 -0.991138 -0.771439 0.622396 -0.132306 -4582043.923599578 427452.87656876247 -2787929.314212217
facade/arcisstrasse/build1/DEBY_LOD2_4959457_DSC04702_I5lTdwF0EKTZhEGgPCgo.jpg car/arcisstrasse/build1/307t_2021_031121_297094_000_11.jpg 1650.5942999999997 0 1266.63018 0 1649.4985703051848 1006.6945 0 0 1 0.62887 0.777369 -0.014799 0.091153 -0.092616 -0.991521 -0.772148 0.622189 -0.129103 -4582613.056737872 431720.32335401577 -2786338.078328592
facade/arcisstrasse/build1/DEBY_LOD2_4959457_DSC04702_I5lTdwF0EKTZhEGgPCgo.jpg car/arcisstrasse/build1/307t_2021_031121_297094_501_11.jpg 1650.5942999999997 0 1266.63018 0 1649.4985703051848 1006.6945 0 0 1 0.627785 0.77829 -0.012328 0.094741 -0.092121 -0.991231 -0.7726 0.621111 -0.131568 -4586784.316809661 426599.62694060267 -2780273.8822029345
facade/arcisstrasse/build1/DEBY_LOD2_4959457_DSC04702_I5lTdwF0EKTZhEGgPCgo.jpg car/arcisstrasse/build1/307t_2021_031121_297095_000_11.jpg 1650.5942999999997 0 1266.63018 0 1649.4985703051848 1006.6945 0 0 1 0.627145 0.778753 -0.015261 0.091224 -0.092895 -0.991488 -0.773542 0.620415 -0.1293 -4588816.411593719 433160.54658955056 -2775911.849341218
facade/arcisstrasse/build1/DEBY_LOD2_4959457_DSC04702_I5lTdwF0EKTZhEGgPCgo.jpg car/arcisstrasse/build1/307t_2021_031121_297095_501_11.jpg 1650.5942999999997 0 1266.63018 0 1649.4985703051848 1006.6945 0 0 1 0.627263 0.778726 -0.011273 0.09397 -0.090046 -0.991495 -0.773117 0.620869 -0.129659 -4588761.245771558 416060.8906516759 -2778629.542141161
facade/arcisstrasse/build2/DEBY_LOD2_4959457_DSC04702_rBt5jM8PeYjU0N6YX2Tm.jpg car/arcisstrasse/build2/307t_2021_031121_296629_752_9.jpg 2382.565623188406 0 1228.6309275362319 0 2380.201715913126 1041.7475362318842 0 0 1 0.893467 -0.447408 -0.039283 -0.118057 -0.149566 -0.981678 0.433335 0.881735 -0.186452 1769954.7227181334 880171.106828671 -5004274.067738797
facade/arcisstrasse/build2/DEBY_LOD2_4959457_DSC04702_rBt5jM8PeYjU0N6YX2Tm.jpg car/arcisstrasse/build2/307t_2021_031121_296630_251_9.jpg 2382.565623188406 0 1228.6309275362319 0 2380.201715913126 1041.7475362318842 0 0 1 0.893913 -0.446818 -0.035676 -0.11619 -0.15411 -0.981198 0.432919 0.881251 -0.189677 1766496.8735372615 903128.3708524513 -5001407.646214955
facade/arcisstrasse/build2/DEBY_LOD2_4959457_DSC04702_rBt5jM8PeYjU0N6YX2Tm.jpg car/arcisstrasse/build2/307t_2021_031121_296630_752_9.jpg 2382.565623188406 0 1228.6309275362319 0 2380.201715913126 1041.7475362318842 0 0 1 0.895186 -0.444299 -0.035207 -0.116287 -0.156578 -0.980796 0.430254 0.882089 -0.191832 1752176.0321465905 916365.4205473561 -5004041.821173485
facade/arcisstrasse/build2/DEBY_LOD2_4959457_DSC04702_rBt5jM8PeYjU0N6YX2Tm.jpg car/arcisstrasse/build2/307t_2021_031121_296631_251_9.jpg 2382.565623188406 0 1228.6309275362319 0 2380.201715913126 1041.7475362318842 0 0 1 0.896764 -0.440967 -0.036921 -0.116094 -0.153936 -0.981237 0.42701 0.884224 -0.189238 1733307.3740034746 902135.6061207211 -5013199.103305427
facade/arcisstrasse/build2/DEBY_LOD2_4959457_DSC04702_rBt5jM8PeYjU0N6YX2Tm.jpg car/arcisstrasse/build2/307t_2021_031121_296631_752_9.jpg 2382.565623188406 0 1228.6309275362319 0 2380.201715913126 1041.7475362318842 0 0 1 0.898645 -0.436746 -0.041119 -0.119748 -0.154054 -0.980779 0.422017 0.886296 -0.190739 1709486.8894201312 905291.1393442887 -5020809.491808347
facade/arcisstrasse/build2/DEBY_LOD2_4959457_DSC04702_rBt5jM8PeYjU0N6YX2Tm.jpg car/arcisstrasse/build2/307t_2021_031121_296897_752_9.jpg 2382.565623188406 0 1228.6309275362319 0 2380.201715913126 1041.7475362318842 0 0 1 0.900767 -0.432807 -0.036007 -0.114243 -0.156144 -0.981105 0.419007 0.887861 -0.190095 1686997.9225362707 912636.3386734014 -5027064.26264027
facade/arcisstrasse/build2/DEBY_LOD2_4959457_DSC04702_rBt5jM8PeYjU0N6YX2Tm.jpg car/arcisstrasse/build2/307t_2021_031121_296898_251_9.jpg 2382.565623188406 0 1228.6309275362319 0 2380.201715913126 1041.7475362318842 0 0 1 0.901462 -0.431398 -0.03552 -0.113171 -0.155686 -0.981302 0.417802 0.888627 -0.189167 1678999.4169623463 909452.7226187522 -5030324.535345263
facade/arcisstrasse/build2/DEBY_LOD2_4959457_DSC04702_rBt5jM8PeYjU0N6YX2Tm.jpg car/arcisstrasse/build2/307t_2021_031121_296898_752_9.jpg 2382.565623188406 0 1228.6309275362319 0 2380.201715913126 1041.7475362318842 0 0 1 0.901907 -0.430463 -0.035573 -0.112633 -0.15488 -0.981492 0.416986 0.889221 -0.188172 1673703.2126575038 904781.1981358051 -5032935.9594736975
